((("jqi" .
   [2 0 0])
  ("input" .
   [1 0 0 0 0])
  ("background-color:" .
   [1 0 0 0 0 0 0 0 0 0 0 0 0 0 0 0 0])
  ("last-text" .
   [6 0 0 0 0 0 0 0 0])
  (".html" .
   [2 0 0 0 0])
  ("out" .
   [1 0 0])
  ("->>" .
   [1 0 0])
  ("/>" .
   [1 0])
  ("border:" .
   [1 0 0 0 0 0 0])
  ("resp" .
   [7 0 0 0])
  ("output" .
   [4 0 0 0 0 0])
  (".val" .
   [5 0 0 0])
  (":success" .
   [1 0 0 0 0 0 0 0])
  ("split" .
   [1 0 0 0 0])
  ("map" .
   [2 0 0])
  ("random-color" .
   [2 0 0 0 0 0 0 0 0 0 0 0])
  ("rand" .
   [8 0 0 0])
  ("new-y" .
   [2 0 0 0 0])
  ("new-x" .
   [2 0 0 0 0])
  ("Math" .
   [4 0 0 0])
  (".random" .
   [3 0 0 0 0 0 0])
  ("10px" .
   [2 0 0 0])
  ("height" .
   [1 0 0 0 0 0])
  ("width" .
   [1 0 0 0 0])
  ("move-el" .
   [1 0 0 0 0 0 0])
  (".getContext" .
   [1 0 0 0 0 0 0 0 0 0 0])
  ("next-pos" .
   [4 0 0 0 0 0 0 0])
  ("setTimeout" .
   [3 0 0 0 0 0 0 0 0 0])
  ("set" .
   [1 0 0])
  ("next-step" .
   [4 0 0 0 0 0 0 0 0])
  ("next" .
   [1 0 0 0])
  ("doto" .
   [6 0 0 0])
  ("ctx" .
   [14 0 0])
  ("canvas" .
   [2 0 0 0 0 0])
  ("500" .
   [10 0 0])
  ("wrap" .
   [2 0 0 0])
  ("link" .
   [1 0 0 0])
  ("ns" .
   [3 0])
  ("hidden" .
   [1 0 0 0 0 0])
  ("overflow" .
   [1 0 0 0 0 0 0 0])
  ("right-el" .
   [1 0 0 0 0 0 0 0])
  ("left-el" .
   [1 0 0 0 0 0 0])
  ("top-height" .
   [1 0 0 0 0 0 0 0 0 0])
  ("bottom-height" .
   [1 0 0 0 0 0 0 0 0 0 0 0 0])
  ("10" .
   [2 0])
  ("padding:" .
   [1 0 0 0 0 0 0 0])
  ("margin:" .
   [1 0 0 0 0 0 0])
  ("0px" .
   [3 0 0])
  ("op" .
   [1 0])
  (":splitter-height" .
   [5 0 0 0 0 0 0 0 0 0 0 0 0 0 0 0])
  ("or" .
   [1 0])
  (":splitter" .
   [2 0 0 0 0 0 0 0 0])
  (":display" .
   [1 0 0 0 0 0 0 0])
  (".append" .
   [1 0 0 0 0 0 0])
  (":backgroundColor" .
   [0 0 0 0 0 1 0 0 0 0 0 0 0 1 0 0])
  ("window" .
   [1 0 0 0 0 0])
  (":height" .
   [3 0 0 0 0 0 0])
  (".width" .
   [1 0 0 0 0 0])
  (":width" .
   [1 0 0 0 0 0])
  (".css" .
   [4 0 0 0])
  ("shim" .
   [6 0 0 0])
  ("header" .
   [1 0 0 0 0 0])
  ("delta" .
   [2 0 0 0 0])
  (".height" .
   [6 0 0 0 0 0 0])
  ("e.clientY" .
   [2 0 0 0 0 0 0 0 0])
  ("last-y" .
   [3 0 0 0 0 0])
  ("aget" .
   [1 0 0 0])
  ("last-x" .
   [1 0 0 0 0 0])
  ("document" .
   [2 0 0 0 0 0 0 0])
  ("dragging" .
   [4 0 0 0 0 0 0 0])
  ("set!" .
   [12 0 0 0])
  ("false" .
   [3 0 0 0 0])
  (".click" .
   [1 0 0 0 0 0])
  ("el" .
   [6 0])
  ("bottom-el" .
   [3 0 0 0 0 0 0 0 0])
  ("top-el" .
   [4 0 0 0 0 0])
  ("container" .
   [3 0 0 0 0 0 0 0 0])
  ("util/append" .
   [1 0 0 0 0 0 0 0 0 0 0])
  ("$html" .
   [7 0 0 0 0])
  ("h-splitter" .
   [2 0 0 0 0 0 0 0 0 0])
  ("true" .
   [5 0 0 0])
  ("initial-content" .
   [1 0 0 0 0 0 0 0 0 0 0 0 0 0 0])
  ("cljs" .
   [1 0 0 0])
  ("Couldn" .
   [1 0 0 0 0 0])
  ("Exception." .
   [1 0 0 0 0 0 0 0 0 0])
  ("Exception" .
   [1 0 0 0 0 0 0 0 0])
  ("throw" .
   [1 0 0 0 0])
  ("not" .
   [4 0 0])
  ("stop-watch" .
   [1 0 0 0 0 0 0 0 0 0])
  ("start-watch-project" .
   [1 0 0 0 0 0 0 0 0 0 0 0 0 0 0 0 0 0 0])
  (":source-path" .
   [2 0 0 0 0 0 0 0 0 0 0 0])
  ("start-watch" .
   [1 0 0 0 0 0 0 0 0 0 0])
  ("hook-re-stitch" .
   [0 0 0 0 0 0 0 1 0 0 0 1 0 0])
  ("cljs.stitch" .
   [1 0 0 0 0 0 0 0 0 0 0])
  ("if" .
   [6 0])
  ("when" .
   [3 0 0 0])
  ("cljss" .
   [1 0 0 0 0])
  ("hook-change" .
   [1 0 0 0 0 0 0 0 0 0 0])
  ("project-clj-path" .
   [6 0 0 0 0 0 0 0 0 0 0 3 0 0 0 0])
  ("let" .
   [4 0 0])
  ("recent-projects" .
   [1 0 0 0 0 0 0 1 0 0 0 0 0 0 0])
  ("render" .
   [1 0 0 0 0 0])
  ("take" .
   [1 0 0 0])
  ("num" .
   [2 0 0])
  ("hash-regex" .
   [1 0 0 0 0 0 0 0 0 0])
  ("user-regex" .
   [1 0 0 0 0 0 0 0 0 0])
  ("def" .
   [4 0 0])
  ("href-regex" .
   [2 0 0 0 0 0 0 0 0 0])
  ("str/trim" .
   [1 0 0 0 0 0 0 0])
  ("sc" .
   [1 0])
  (":content" .
   [1 0 0 0 0 0 0 0])
  ("->" .
   [1 0])
  ("first" .
   [7 0 0 0 0])
  (":href" .
   [3 0 0 0 0])
  (":a" .
   [3 0])
  ("str/replace" .
   [5 0 0 0 0 0 0 0 0 0 0])
  ("str" .
   [7 0 0])
  ("clojure.string" .
   [1 0 0 0 0 0 0 0 0 0 0 0 0 0])
  ("height:" .
   [3 0 0 0 0 0 0])
  ("100%" .
   [9 0 0 0])
  ("width:" .
   [3 0 0 0 0 0])
  (":style" .
   [4 0 0 0 0 0])
  ("west" .
   [1 0 0 0])
  (":div" .
   [9 0 0 0])
  ("scroll" .
   [2 0 0 0 0 0])
  (":class" .
   [5 0 0 0 0 0])
  ("center" .
   [1 0 0 0 0 0])
  (":type" .
   [2 0 0 0 0])
  (".ui-layout-center" .
   [1 0 0 0 0 0 0 0 0 0 0 0 0 0 0 0 0])
  ("body" .
   [22 0 0 0])
  (".layout" .
   [3 0 0 0 0 0 0])
  ("chapter-nav" .
   [1 0 0 0 0 0 0 0 0 0 0])
  ("chapter-content" .
   [3 0 0 0 0 0 0 0 0 0 0 0 0 0 0])
  (":target" .
   [1 0 0 0 0 0 0])
  ("it" .
   [1 0])
  ("input-timer" .
   [1 0 0 0 0 0 0 0 0 0 0])
  ("println" .
   [24 0 0 0 0 0 0])
  ("util" .
   [4 0 0 0])
  ("html" .
   [4 0 0 0])
  (":require" .
   [3 0 0 0 0 0 0 0])
  ("share-loc-info" .
   [1 0 0 0 0 0 0 0 0 0 0 0 0 0])
  ("save-buffer" .
   [5 0 0 0 0 0 0 0 0 0 0])
  ("kbd" .
   [2 0 0])
  ("paredit" .
   [2 0 0 0 0 0 0])
  ("require" .
   [1 0 0 0 0 0 0])
  ("anything-config" .
   [1 0 0 0 0 0 0 0 0 0 0 0 \.\.\.])
  ("anything" .
   [2 0 0 0 0 0 0 0])
  ("global-set-key" .
   [1 0 0 0 0 0 0 0 0 0 0 0 \.\.\.])
  ("defn" .
   [14 0 0 0])
  ("chapter" .
   [1 0 0 0 0 0 0])
  ("exit-emacs" .
   [0 0 0 0 1 0 0 0 0 0])
  ("kill-buffer" .
   [1 0 0 0 0 0 0 0 0 0 0])
  ("gen-token" .
   [1 0 0 1 0 0 1 0 0])
  ("gensym" .
   [0 0 0 1 0 0])
  ("current" .
   [2 0 0 0 1 0 0])
  ("ses" .
   [1 0 0])
  ("wrap-bind-csrf" .
   [0 0 0 0 2 0 0 0 0 0 0 0 0 0])
  ("req" .
   [4 0 0])
  ("if-let" .
   [1 0 0 0 0 0])
  ("token" .
   [1 0 0 0 0])
  ("foo" .
   [1 0 0])
  (":session" .
   [4 0 0 0 0 0 0 0])
  (":csrf-token" .
   [1 0 0 2 1 0 0 0 0 0 0])
  ("is" .
   [1 0])
  ("fn" .
   [13 0])
  ("/foo" .
   [1 0 0 0])
  ("req-with-token" .
   [0 0 0 0 0 0 0 0 3 0 0 0 0 0])
  ("req-without-token" .
   [0 0 0 0 0 0 0 0 0 0 0 1 0 0 0 0 0])
  ("ready" .
   [2 0 0 0 0])
  (":use" .
   [1 0 0 0])
  (":view" .
   [1 0 0 0 0])
  (":rect" .
   [1 0 0 0 0])
  (":anchors" .
   [1 0 0 0 0 0 0 0])
  ("top" .
   [1 0 0])
  ("left" .
   [2 0 0 0])
  (":text" .
   [1 0 0 0 0])
  ("uki-util" .
   [1 0 0 0 0 0 0 0])
  (":as" .
   [4 0 0])
  ("1000" .
   [1 0 0 0])
  ("600" .
   [1 0 0])
  ("uki" .
   [1 0 0])
  ("opts" .
   [22 0 0 0])
  ("aset" .
   [7 0 0 0])
  ("elem" .
   [9 0 0 0])
  ("elem.width" .
   [4 0 0 0 0 0 0 0 0 0])
  ("elem.height" .
   [3 0 0 0 0 0 0 0 0 0 0])
  (".rotate" .
   [1 0 0 0 0 0 0])
  (".fillRect" .
   [2 0 0 0 0 0 0 0 0])
  ("ctx.fillStyle" .
   [1 0 0 0 0 0 0 0 0 0 0 0 0])
  ("rgba" .
   [1 0 0 0])
  ("pos" .
   [7 0 0])
  ("dir" .
   [9 0 0])
  ("cond" .
   [1 0 0 0])
  ("100" .
   [1 0 0])
  ("make-el" .
   [1 0 0 0 0 0 0])
  ("doseq" .
   [1 0 0 0 0])))
